9

16
 0 1   9 -1  18 1  27 -1  36 1  45 -1  54 1  63 -1
64 1  56 -1  48 1  40 -1  32 1  24 -1  16 1   8 -1
16
 1 1  10 -1  19 1  28 -1  37 1  46 -1  55 1  64 -1
65 1  57 -1  49 1  41 -1  33 1  25 -1  17 1   0 -1
16
 2 1  11 -1  20 1  29 -1  38 1  47 -1  56 1  65 -1
66 1  58 -1  50 1  42 -1  34 1  26 -1   9 1   1 -1
16
 3 1  12 -1  21 1  30 -1  39 1  48 -1  57 1  66 -1
67 1  59 -1  51 1  43 -1  35 1  18 -1  10 1   2 -1
16
 4 1  13 -1  22 1  31 -1  40 1  49 -1  58 1  67 -1
68 1  60 -1  52 1  44 -1  27 1  19 -1  11 1   3 -1
16
 5 1  14 -1  23 1  32 -1  41 1  50 -1  59 1  68 -1
69 1  61 -1  53 1  36 -1  28 1  20 -1  12 1   4 -1
16
 6 1  15 -1  24 1  33 -1  42 1  51 -1  60 1  69 -1
70 1  62 -1  45 1  37 -1  29 1  21 -1  13 1   5 -1
16
 7 1  16 -1  25 1  34 -1  43 1  52 -1  61 1  70 -1
71 1  54 -1  46 1  38 -1  30 1  22 -1  14 1   6 -1
16
 8 1  17 -1  26 1  35 -1  44 1  53 -1  62 1  71 -1
63 1  55 -1  47 1  39 -1  31 1  23 -1  15 1   7 -1

 0 -1
 1 -1
 2 -1
 3 -1
 4 -1
 5 -1
 6 -1
 7 -1
 8 -1
 9  1
10  1
11  1
12  1
13  1
14  1
15  1
16  1
17  1
18 -1
19 -1
20 -1
21 -1
22 -1
23 -1
24 -1
25 -1
26 -1
27  1
28  1
29  1
30  1
31  1
32  1
33  1
34  1
35  1
36 -1
37 -1
38 -1
39 -1
40 -1
41 -1
42 -1
43 -1
44 -1
45  1
46  1
47  1
48  1
49  1
50  1
51  1
52  1
53  1
54 -1
55 -1
56 -1
57 -1
58 -1
59 -1
60 -1
61 -1
62 -1
63  1
64  1
65  1
66  1
67  1
68  1
69  1
70  1
71  1
