7

12
 0 1   7 -1  14 1  21 -1  28 1  35 -1 36 1  30 -1  24 1  18 -1  12 1  6 -1 
12
 1 1   8 -1  15 1  22 -1  29 1  36 -1 37 1  31 -1  25 1  19 -1  13 1  0 -1
12
 2 1   9 -1  16 1  23 -1  30 1  37 -1 38 1  32 -1  26 1  20 -1   7 1  1 -1
12
 3 1  10 -1  17 1  24 -1  31 1  38 -1 39 1  33 -1  27 1  14 -1   8 1  2 -1
12
 4 1  11 -1  18 1  25 -1  32 1  39 -1 40 1  34 -1  21 1  15 -1   9 1  3 -1
12
 5 1  12 -1  19 1  26 -1  33 1  40 -1 41 1  28 -1  22 1  16 -1  10 1  4 -1
12
 6 1  13 -1  20 1  27 -1  34 1  41 -1 35 1  29 -1  23 1  17 -1  11 1  5 -1

 0  1
 1  1
 2  1
 3  1
 4  1
 5  1
 6  1
 7 -1
 8 -1
 9 -1
10 -1
11 -1
12 -1
13 -1
14  1
15  1
16  1
17  1
18  1
19  1
20  1
21 -1
22 -1
23 -1
24 -1
25 -1
26 -1
27 -1
28  1
29  1
30  1
31  1
32  1
33  1
34  1
35 -1
36 -1
37 -1
38 -1
39 -1
40 -1
41 -1

